1 [369.90999999999997, 669.0, 5.0, 0.0]
2 [621.15, 1064.0, 8.0, 0.0]
3 [188.87999999999994, 391.0, 3.0, 0.0]
4 [551.1299999999999, 955.0, 7.0, 0.0]
5 [354.15999999999997, 699.0, 5.0, 0.0]
6 [523.6899999999999, 833.0, 6.0, 0.0]
7 [315.80999999999995, 412.0, 3.0, 0.0]
8 [431.68000000000006, 571.0, 4.0, 0.0]
9 [888.6599999999997, 1643.0, 12.0, 0.0]
10 [760.09, 1079.0, 8.0, 0.0]
11 [428.94000000000005, 642.0, 5.0, 0.0]
12 [350.40000000000003, 678.0, 5.0, 0.0]
13 [559.38, 888.0, 7.0, 0.0]
14 [360.58, 673.0, 5.0, 0.0]
15 [483.55000000000007, 1096.0, 8.0, 0.0]
16 [218.32, 558.0, 4.0, 0.0]
17 [573.9899999999999, 938.0, 7.0, 0.0]
18 [510.15, 821.0, 6.0, 0.0]
19 [188.40999999999997, 389.0, 3.0, 0.0]
20 [770.7800000000001, 1374.0, 10.0, 0.0]
21 [457.9199999999996, 642.0, 5.0, 0.0]
22 [312.34000000000003, 533.0, 4.0, 0.0]
23 [626.8300000000003, 848.0, 6.0, 0.0]
24 [709.1600000000001, 1094.0, 8.0, 0.0]
25 [503.93000000000006, 1058.0, 8.0, 0.0]
26 [275.86, 517.0, 4.0, 0.0]
27 [47.22, 142.0, 1.0, 0.0]
28 [862.5300000000001, 1366.0, 10.0, 0.0]
29 [871.41, 1393.0, 10.0, 0.0]
30 [444.36999999999995, 803.0, 6.0, 0.0]
31 [357.1700000000001, 494.0, 4.0, 0.0]
32 [330.09, 571.0, 4.0, 0.0]
33 [144.16000000000003, 120.0, 1.0, 0.0]
34 [396.95, 682.0, 5.0, 0.0]
35 [488.10999999999996, 808.0, 6.0, 0.0]
36 [338.19999999999993, 433.0, 3.0, 0.0]
37 [209.94000000000005, 534.0, 4.0, 0.0]
38 [454.0300000000001, 558.0, 4.0, 0.0]
39 [313.95, 536.0, 4.0, 0.0]
40 [512.52, 790.0, 6.0, 0.0]
41 [336.78, 416.0, 3.0, 0.0]
42 [473.56000000000006, 653.0, 5.0, 0.0]
43 [351.09000000000003, 792.0, 6.0, 0.0]
44 [1028.4700000000003, 1459.0, 11.0, 0.0]
45 [435.4, 961.0, 7.0, 0.0]
46 [492.5599999999998, 680.0, 5.0, 0.0]
47 [185.39000000000004, 376.0, 3.0, 0.0]
48 [57.349999999999994, 125.0, 1.0, 0.0]
49 [324.4199999999999, 570.0, 4.0, 0.0]
50 [545.7499999999999, 849.0, 6.0, 0.0]
51 [439.15, 624.0, 5.0, 0.0]
52 [340.6400000000001, 654.0, 5.0, 0.0]
53 [647.55, 916.0, 7.0, 0.0]
54 [346.08000000000004, 407.0, 3.0, 0.0]
55 [518.13, 787.0, 6.0, 0.0]
56 [481.24, 787.0, 6.0, 0.0]
57 [509.7699999999999, 785.0, 6.0, 0.0]
58 [373.32000000000005, 510.0, 4.0, 0.0]
59 [316.30000000000007, 664.0, 5.0, 0.0]
60 [215.35000000000002, 407.0, 3.0, 0.0]
61 [465.23000000000013, 949.0, 7.0, 0.0]
62 [683.2799999999999, 1245.0, 9.0, 0.0]
63 [436.1100000000002, 701.0, 5.0, 0.0]
64 [707.6499999999999, 1379.0, 10.0, 0.0]
65 [336.1000000000001, 648.0, 5.0, 0.0]
66 [87.14999999999998, 279.0, 2.0, 0.0]
67 [322.8799999999999, 544.0, 4.0, 0.0]
68 [566.7199999999999, 949.0, 7.0, 0.0]
69 [576.15, 839.0, 6.0, 0.0]
70 [419.8600000000001, 689.0, 5.0, 0.0]
71 [596.32, 1059.0, 8.0, 0.0]
72 [564.03, 803.0, 6.0, 0.0]
73 [319.4899999999999, 546.0, 4.0, 0.0]
74 [770.7900000000001, 1211.0, 9.0, 0.0]
75 [400.9, 577.0, 4.0, 0.0]
76 [285.5100000000001, 529.0, 4.0, 0.0]
77 [259.48, 398.0, 3.0, 0.0]
78 [231.82999999999998, 549.0, 4.0, 0.0]
79 [368.04, 542.0, 4.0, 0.0]
80 [301.19, 658.0, 5.0, 0.0]
81 [276.13, 399.0, 3.0, 0.0]
82 [323.56000000000006, 692.0, 5.0, 0.0]
83 [382.72999999999996, 648.0, 5.0, 0.0]
84 [284.16999999999996, 518.0, 4.0, 0.0]
85 [292.17, 699.0, 5.0, 0.0]
86 [379.98999999999995, 677.0, 5.0, 0.0]
87 [84.16000000000001, 147.0, 1.0, 0.0]
88 [122.44999999999996, 267.0, 2.0, 0.0]
89 [382.54999999999995, 530.0, 4.0, 0.0]
90 [395.05, 541.0, 4.0, 0.0]
91 [445.97999999999996, 675.0, 5.0, 0.0]
92 [130.54, 287.0, 2.0, 0.0]
93 [194.17999999999998, 405.0, 3.0, 0.0]
94 [345.66, 401.0, 3.0, 0.0]
95 [125.56, 261.0, 2.0, 0.0]
96 [926.39, 1158.0, 9.0, 0.0]
97 [271.48, 528.0, 4.0, 0.0]
98 [182.43, 403.0, 3.0, 0.0]
99 [163.93, 264.0, 2.0, 0.0]
100 [130.37, 257.0, 2.0, 0.0]
101 [359.2100000000001, 578.0, 4.0, 0.0]
102 [512.79, 653.0, 5.0, 0.0]
103 [461.1700000000001, 533.0, 4.0, 0.0]
104 [665.36, 1044.0, 8.0, 0.0]
105 [310.19000000000005, 671.0, 5.0, 0.0]
106 [456.76, 668.0, 5.0, 0.0]
107 [62.230000000000004, 125.0, 1.0, 0.0]
108 [275.26, 510.0, 4.0, 0.0]
109 [334.06, 537.0, 4.0, 0.0]
110 [748.9100000000002, 1184.0, 9.0, 0.0]
111 [429.46, 675.0, 5.0, 0.0]
112 [194.30999999999997, 427.0, 3.0, 0.0]
113 [344.87, 421.0, 3.0, 0.0]
114 [233.87, 399.0, 3.0, 0.0]
115 [128.57, 278.0, 2.0, 0.0]
116 [581.8399999999999, 953.0, 7.0, 0.0]
117 [176.81, 278.0, 2.0, 0.0]
118 [666.2099999999999, 950.0, 7.0, 0.0]
119 [173.91, 391.0, 3.0, 0.0]
120 [355.64, 495.0, 4.0, 0.0]
121 [395.40000000000003, 682.0, 5.0, 0.0]
122 [218.5800000000001, 408.0, 3.0, 0.0]
123 [244.08999999999995, 266.0, 2.0, 0.0]
124 [223.68, 391.0, 3.0, 0.0]
